var matrix = [[0, 0.0, 0.0, 0.0, 0.0, 0.0, 0.0, 0.0, 0.0, 0.0, 0.0, 0.0, 0.0, 0.0, 0.0, 3.0, 0.0, 0.0], [0.0, 0, 0.0, 0.0, 0.0, 0.0, 0.0, 0.0, 0.0, 0.0, 0.0, 0.0, 0.0, 0.0, 0.0, 0.0, 0.0, 0.0], [0.0, 0.0, 0, 33.27160951922825, 0.0, 0.0, 1.7320508075688772, 0.0, 0.0, 3.4641016151377544, 2.0, 5.385164807134504, 1.0, 3.4641016151377544, 2.23606797749979, 25.592967784139454, 0.0, 25.0], [0.0, 0.0, 33.27160951922825, 0, 0.0, 0.0, 0.0, 0.0, 0.0, 1.0, 0.0, 0.0, 0.0, 0.0, 1.7320508075688772, 6.244997998398398, 0.0, 10.246950765959598], [0.0, 0.0, 0.0, 0.0, 0, 0.0, 3.3166247903554, 1.7320508075688772, 1.4142135623730951, 1.4142135623730951, 3.0, 1.0, 1.4142135623730951, 0.0, 2.23606797749979, 3.7416573867739413, 0.0, 0.0], [0.0, 0.0, 0.0, 0.0, 0.0, 0, 0.0, 0.0, 1.0, 0.0, 0.0, 0.0, 6.244997998398398, 0.0, 0.0, 4.47213595499958, 0.0, 0.0], [0.0, 0.0, 1.7320508075688772, 0.0, 3.3166247903554, 0.0, 0, 2.0, 2.449489742783178, 1.7320508075688772, 2.23606797749979, 1.0, 1.7320508075688772, 0.0, 4.69041575982343, 11.090536506409418, 7.416198487095663, 1.0], [0.0, 0.0, 0.0, 0.0, 1.7320508075688772, 0.0, 2.0, 0, 3.7416573867739413, 1.4142135623730951, 1.0, 1.4142135623730951, 2.23606797749979, 0.0, 2.23606797749979, 2.6457513110645907, 0.0, 1.0], [0.0, 0.0, 0.0, 0.0, 1.4142135623730951, 1.0, 2.449489742783178, 3.7416573867739413, 0, 1.0, 4.0, 0.0, 2.0, 0.0, 3.0, 4.358898943540674, 2.23606797749979, 0.0], [0.0, 0.0, 3.4641016151377544, 1.0, 1.4142135623730951, 0.0, 1.7320508075688772, 1.4142135623730951, 1.0, 0, 0.0, 1.4142135623730951, 0.0, 0.0, 2.23606797749979, 18.110770276274835, 0.0, 3.3166247903554], [0.0, 0.0, 2.0, 0.0, 3.0, 0.0, 2.23606797749979, 1.0, 4.0, 0.0, 0, 1.4142135623730951, 1.4142135623730951, 2.449489742783178, 2.0, 3.872983346207417, 4.242640687119285, 3.3166247903554], [0.0, 0.0, 5.385164807134504, 0.0, 1.0, 0.0, 1.0, 1.4142135623730951, 0.0, 1.4142135623730951, 1.4142135623730951, 0, 1.0, 27.586228448267445, 1.0, 6.782329983125268, 0.0, 5.5677643628300215], [0.0, 0.0, 1.0, 0.0, 1.4142135623730951, 6.244997998398398, 1.7320508075688772, 2.23606797749979, 2.0, 0.0, 1.4142135623730951, 1.0, 0, 0.0, 1.7320508075688772, 5.385164807134504, 5.196152422706632, 1.0], [0.0, 0.0, 3.4641016151377544, 0.0, 0.0, 0.0, 0.0, 0.0, 0.0, 0.0, 2.449489742783178, 27.586228448267445, 0.0, 0, 0.0, 9.1104335791443, 0.0, 2.8284271247461903], [0.0, 0.0, 2.23606797749979, 1.7320508075688772, 2.23606797749979, 0.0, 4.69041575982343, 2.23606797749979, 3.0, 2.23606797749979, 2.0, 1.0, 1.7320508075688772, 0.0, 0, 15.0996688705415, 1.0, 3.605551275463989], [3.0, 0.0, 25.592967784139454, 6.244997998398398, 3.7416573867739413, 4.47213595499958, 11.090536506409418, 2.6457513110645907, 4.358898943540674, 18.110770276274835, 3.872983346207417, 6.782329983125268, 5.385164807134504, 9.1104335791443, 15.0996688705415, 0, 4.58257569495584, 69.79254974565696], [0.0, 0.0, 0.0, 0.0, 0.0, 0.0, 7.416198487095663, 0.0, 2.23606797749979, 0.0, 4.242640687119285, 0.0, 5.196152422706632, 0.0, 1.0, 4.58257569495584, 0, 0.0], [0.0, 0.0, 25.0, 10.246950765959598, 0.0, 0.0, 1.0, 1.0, 0.0, 3.3166247903554, 3.3166247903554, 5.5677643628300215, 1.0, 2.8284271247461903, 3.605551275463989, 69.79254974565696, 0.0, 0]]
