var matrix = [[0, 0, 0, 0, 0, 0, 0, 0, 0, 0, 9, 0], [0, 0, 0, 0, 0, 0, 0, 0, 0, 0, 0, 0], [0, 0, 0, 1107, 0, 0, 12, 4, 1, 5, 655, 625], [0, 0, 1107, 0, 0, 0, 1, 0, 0, 3, 39, 105], [0, 0, 0, 0, 0, 0, 2, 9, 2, 5, 14, 0], [0, 0, 0, 0, 0, 0, 0, 0, 39, 0, 20, 0], [0, 0, 12, 1, 2, 0, 0, 0, 0, 5, 328, 11], [0, 0, 4, 0, 9, 0, 0, 0, 2, 4, 15, 11], [0, 0, 1, 0, 2, 39, 0, 2, 0, 3, 29, 1], [0, 0, 5, 3, 5, 0, 5, 4, 3, 0, 228, 13], [9, 0, 655, 39, 14, 20, 328, 15, 29, 228, 0, 4871], [0, 0, 625, 105, 0, 0, 11, 11, 1, 13, 4871, 0]]
